Model_name : yte
Initial state occupation distribution
1.0 0.0 0.0 0.0 0.0 0.0 0.0 0.0 0.0 0.0 0.0 0.0
Matrix of transition probabilities between states
[0.92899716 0.         0.         0.01398929 0.         0.
 0.         0.05701355 0.         0.         0.         0.        ] [0.         0.78821914 0.00298646 0.         0.02615051 0.00470832
 0.03127792 0.00345058 0.06299698 0.00112625 0.         0.07908384] [0.         0.         0.93757639 0.01151424 0.01282194 0.00118172
 0.03690572 0.         0.         0.         0.         0.        ] [0.         0.         0.04819858 0.93011981 0.         0.
 0.         0.         0.         0.         0.02168161 0.        ] [0.         0.03927962 0.06532181 0.         0.70699983 0.00256566
 0.02048273 0.10138009 0.06397027 0.         0.         0.        ] [0.         0.03893414 0.         0.         0.00214752 0.90692501
 0.         0.         0.0030029  0.04899043 0.         0.        ] [1.70803331e-02 1.04307093e-01 1.69338440e-02 3.71334158e-03
 1.35981776e-02 0.00000000e+00 8.37923568e-01 5.17126077e-03
 7.50407891e-04 0.00000000e+00 0.00000000e+00 5.21973591e-04] [0.01434636 0.         0.00432476 0.         0.07530215 0.
 0.01377989 0.89224684 0.         0.         0.         0.        ] [0.00000000e+00 3.61745416e-02 0.00000000e+00 0.00000000e+00
 1.99693514e-02 1.06706852e-04 3.69267479e-03 0.00000000e+00
 5.84630953e-01 0.00000000e+00 0.00000000e+00 3.55425773e-01] [0.         0.         0.         0.         0.         0.03419053
 0.         0.         0.         0.96580947 0.         0.        ] [0.         0.         0.         0.04948101 0.         0.
 0.         0.         0.         0.         0.95051899 0.        ] [0.00000000e+00 3.56045201e-02 0.00000000e+00 0.00000000e+00
 1.29943068e-03 0.00000000e+00 4.17584686e-03 5.80199903e-04
 2.23114320e-01 0.00000000e+00 0.00000000e+00 7.35225683e-01]
Mean parameters for each mixture component in each state
[[ 15.49890398  21.61936151   2.99472761 -21.06125823  -8.42743972
   -3.30046742  67.13375387  38.44528893  14.39314262 -18.3400267
    1.43293851  -4.23035784 -17.56245491]
 [ 17.46073416  27.51014605   0.91161377 -34.33585638  -2.42025388
    1.10243749  85.59006899  39.00890469  14.74642182 -31.17231455
    9.25234537  -7.55167764 -15.27489771]] [[  9.52404991  -3.42402587  -1.41708816   5.99458279 -14.18562755
   -3.03134611   4.64502399  12.21632702   1.25617386   7.83533539
   -9.26333952   7.53271749  -6.44377428]
 [  9.82411943   1.25583765   1.00804588   5.12321256 -20.21151563
   -4.81669106   5.60877378  17.73768655   7.44515233  10.4890952
  -10.05099119  10.11873716  -3.57847837]] [[ 13.25958137  16.84426731  10.05684137  -2.61907403 -15.15238986
    0.34960031  33.2045025   27.36641628  11.80353712  -6.14803655
  -13.20068782 -11.49439512 -22.6106819 ]
 [ 14.8052015   22.99319853  12.05617136 -13.52140945 -20.4444503
   -6.45789414  39.32814223  24.54799726  13.27668604 -15.31763605
  -11.73011746 -18.60146639 -25.02498466]] [[ 18.41521581  36.43399398  10.3869292  -34.60568787 -18.03518683
  -19.54094348  51.2230943   10.28338914  13.56944529 -24.69378241
   -4.551547   -20.99808852 -21.0997925 ]
 [ 19.40241267  36.4111173    7.39200396 -38.27067337 -13.24435931
  -27.62693129  60.18170372  21.40671789  15.12490641 -35.77490548
    0.07470181 -20.02139102 -28.73681968]] [[ 11.71962616   7.4801785    6.34311618   7.54509283 -12.59060799
    4.50902724  21.31111903  29.12150894  13.97999522   7.49571745
  -10.12168309   4.33221532  -9.40770261]
 [ 16.0696024   -4.27236588   5.61187233   5.45240217   1.49241081
   19.1555523   28.66288353  31.80732499  13.59598443  -0.1019401
  -14.14813884  -1.11570913 -10.68077449]] [[ 1.13379117e+01  1.77285984e+01  1.49263035e-03 -5.73942366e+00
   1.05371155e+01 -6.94401376e-01  2.38785190e+01  1.30519020e+01
   1.34195176e+01 -3.72160145e+00 -7.76831097e+00 -9.46279692e-01
   1.36948074e+00]
 [ 1.65765297e+01  2.06035129e+01 -2.83228492e+00 -2.77855321e+01
   2.83232962e+01  2.58764445e+01  4.15576438e+01  3.32213915e+01
   5.60550160e+01 -2.59945254e+01 -3.07912629e+01 -9.78470768e+00
   1.05625238e+01]] [[ 1.04698262e+01  4.13380204e+00  1.43537049e+00 -1.41548733e-02
  -2.28902813e+01 -5.68458189e+00  1.51064430e+01  2.42821553e+01
   1.13599528e+01  5.97271803e+00 -1.45705112e+01  1.96713771e+00
  -6.87647242e+00]
 [ 1.20104312e+01  9.33472060e+00  3.64668612e+00 -5.68560857e+00
  -2.33065471e+01 -7.15339016e+00  2.69117660e+01  2.52012325e+01
   1.00117900e+01 -2.79676916e+00 -1.77175890e+01 -6.18616357e+00
  -1.41328274e+01]] [[ 13.7628192   16.66909268   6.06896009 -10.30220571 -10.15362227
   10.62727456  54.44953843  41.14705897  17.20347279 -14.86869874
   -6.81139535  -3.57521402 -14.94165546]
 [ 12.08877008  12.24744117   6.09787475  -0.97159518 -10.08067048
   10.71483461  40.94311478  37.39911898  14.90290542  -5.30890405
   -9.00544711   1.28372996 -12.22190837]] [[  9.53003879  -0.28347088   2.62994817  11.52732723 -15.02928376
   -3.05554071  -0.67699925  12.91376479   5.59615508  13.253764
   -7.5478378   11.80488361  -3.05024069]
 [ 10.72186952   1.32337589   3.71829444  11.93543431 -12.91141312
    0.86835826   6.6630235   20.10547915  10.76766725  14.90203856
   -7.32284613  10.00136925  -5.27191636]] [[ 17.58637243  41.89487879  -6.13401983 -29.8837431   38.26661349
  -41.15883838  49.95440415  14.02392209  19.75484535 -15.73824234
  -14.89082306 -18.09820443  -8.12287065]
 [ 15.62435818  37.59861341  -3.91892731 -23.91083391  39.768826
  -18.77231957  48.05283633  21.09020079  30.67618706 -16.59610083
  -10.05296684 -21.54876164  -0.15392889]] [[ 20.51718596  20.53710629  -5.71232419 -28.3109852  -10.16971778
  -19.69819175  32.28938198  24.6018955   18.7429515  -18.50584685
  -13.02191428 -31.40229946 -18.97429058]
 [ 21.06286847  13.39022723 -11.52180855 -26.9007276   -9.25307889
   -9.84259851  13.81731357  16.22026751  24.65872416 -10.8413621
  -18.83983254 -23.73467903 -19.92863807]] [[  9.31526549  -1.5231022   -0.40711448   7.53638222 -17.6929857
   -5.7103185   -1.96086761  10.99938854   3.77527484  11.28205924
   -8.47146372  10.74976078  -3.26122783]
 [  9.53961673  -1.03192978   0.34571136   8.08187358 -17.16498858
   -3.6246873    2.01604509  17.00816085  10.28582089  16.4521095
   -4.9734571   13.227322    -1.64049977]]
Covariance parameters for each mixture components in each state
[[ 15.49890398  21.61936151   2.99472761 -21.06125823  -8.42743972
   -3.30046742  67.13375387  38.44528893  14.39314262 -18.3400267
    1.43293851  -4.23035784 -17.56245491]
 [ 17.46073416  27.51014605   0.91161377 -34.33585638  -2.42025388
    1.10243749  85.59006899  39.00890469  14.74642182 -31.17231455
    9.25234537  -7.55167764 -15.27489771]] [[  9.52404991  -3.42402587  -1.41708816   5.99458279 -14.18562755
   -3.03134611   4.64502399  12.21632702   1.25617386   7.83533539
   -9.26333952   7.53271749  -6.44377428]
 [  9.82411943   1.25583765   1.00804588   5.12321256 -20.21151563
   -4.81669106   5.60877378  17.73768655   7.44515233  10.4890952
  -10.05099119  10.11873716  -3.57847837]] [[ 13.25958137  16.84426731  10.05684137  -2.61907403 -15.15238986
    0.34960031  33.2045025   27.36641628  11.80353712  -6.14803655
  -13.20068782 -11.49439512 -22.6106819 ]
 [ 14.8052015   22.99319853  12.05617136 -13.52140945 -20.4444503
   -6.45789414  39.32814223  24.54799726  13.27668604 -15.31763605
  -11.73011746 -18.60146639 -25.02498466]] [[ 18.41521581  36.43399398  10.3869292  -34.60568787 -18.03518683
  -19.54094348  51.2230943   10.28338914  13.56944529 -24.69378241
   -4.551547   -20.99808852 -21.0997925 ]
 [ 19.40241267  36.4111173    7.39200396 -38.27067337 -13.24435931
  -27.62693129  60.18170372  21.40671789  15.12490641 -35.77490548
    0.07470181 -20.02139102 -28.73681968]] [[ 11.71962616   7.4801785    6.34311618   7.54509283 -12.59060799
    4.50902724  21.31111903  29.12150894  13.97999522   7.49571745
  -10.12168309   4.33221532  -9.40770261]
 [ 16.0696024   -4.27236588   5.61187233   5.45240217   1.49241081
   19.1555523   28.66288353  31.80732499  13.59598443  -0.1019401
  -14.14813884  -1.11570913 -10.68077449]] [[ 1.13379117e+01  1.77285984e+01  1.49263035e-03 -5.73942366e+00
   1.05371155e+01 -6.94401376e-01  2.38785190e+01  1.30519020e+01
   1.34195176e+01 -3.72160145e+00 -7.76831097e+00 -9.46279692e-01
   1.36948074e+00]
 [ 1.65765297e+01  2.06035129e+01 -2.83228492e+00 -2.77855321e+01
   2.83232962e+01  2.58764445e+01  4.15576438e+01  3.32213915e+01
   5.60550160e+01 -2.59945254e+01 -3.07912629e+01 -9.78470768e+00
   1.05625238e+01]] [[ 1.04698262e+01  4.13380204e+00  1.43537049e+00 -1.41548733e-02
  -2.28902813e+01 -5.68458189e+00  1.51064430e+01  2.42821553e+01
   1.13599528e+01  5.97271803e+00 -1.45705112e+01  1.96713771e+00
  -6.87647242e+00]
 [ 1.20104312e+01  9.33472060e+00  3.64668612e+00 -5.68560857e+00
  -2.33065471e+01 -7.15339016e+00  2.69117660e+01  2.52012325e+01
   1.00117900e+01 -2.79676916e+00 -1.77175890e+01 -6.18616357e+00
  -1.41328274e+01]] [[ 13.7628192   16.66909268   6.06896009 -10.30220571 -10.15362227
   10.62727456  54.44953843  41.14705897  17.20347279 -14.86869874
   -6.81139535  -3.57521402 -14.94165546]
 [ 12.08877008  12.24744117   6.09787475  -0.97159518 -10.08067048
   10.71483461  40.94311478  37.39911898  14.90290542  -5.30890405
   -9.00544711   1.28372996 -12.22190837]] [[  9.53003879  -0.28347088   2.62994817  11.52732723 -15.02928376
   -3.05554071  -0.67699925  12.91376479   5.59615508  13.253764
   -7.5478378   11.80488361  -3.05024069]
 [ 10.72186952   1.32337589   3.71829444  11.93543431 -12.91141312
    0.86835826   6.6630235   20.10547915  10.76766725  14.90203856
   -7.32284613  10.00136925  -5.27191636]] [[ 17.58637243  41.89487879  -6.13401983 -29.8837431   38.26661349
  -41.15883838  49.95440415  14.02392209  19.75484535 -15.73824234
  -14.89082306 -18.09820443  -8.12287065]
 [ 15.62435818  37.59861341  -3.91892731 -23.91083391  39.768826
  -18.77231957  48.05283633  21.09020079  30.67618706 -16.59610083
  -10.05296684 -21.54876164  -0.15392889]] [[ 20.51718596  20.53710629  -5.71232419 -28.3109852  -10.16971778
  -19.69819175  32.28938198  24.6018955   18.7429515  -18.50584685
  -13.02191428 -31.40229946 -18.97429058]
 [ 21.06286847  13.39022723 -11.52180855 -26.9007276   -9.25307889
   -9.84259851  13.81731357  16.22026751  24.65872416 -10.8413621
  -18.83983254 -23.73467903 -19.92863807]] [[  9.31526549  -1.5231022   -0.40711448   7.53638222 -17.6929857
   -5.7103185   -1.96086761  10.99938854   3.77527484  11.28205924
   -8.47146372  10.74976078  -3.26122783]
 [  9.53961673  -1.03192978   0.34571136   8.08187358 -17.16498858
   -3.6246873    2.01604509  17.00816085  10.28582089  16.4521095
   -4.9734571   13.227322    -1.64049977]]

Model_name : cua
Initial state occupation distribution
1.0 0.0 0.0 0.0 0.0 0.0 0.0 0.0 0.0 0.0 0.0 0.0
Matrix of transition probabilities between states
[0.90924887 0.         0.00281411 0.00723735 0.02300753 0.03018343
 0.00607445 0.00136377 0.         0.02007049 0.         0.        ] [0.         0.88697782 0.         0.         0.         0.
 0.         0.         0.07410781 0.         0.01012132 0.02879305] [0.         0.         0.96608404 0.00448179 0.00162975 0.
 0.         0.         0.         0.         0.01653321 0.0112712 ] [0.         0.         0.00275307 0.93545725 0.         0.
 0.04614331 0.         0.         0.01564636 0.         0.        ] [0.04025832 0.         0.01268594 0.02959434 0.76591415 0.0537
 0.04596106 0.01265658 0.         0.02665621 0.0125734  0.        ] [0.02495866 0.         0.         0.         0.0820843  0.89295703
 0.         0.         0.         0.         0.         0.        ] [0.         0.         0.00401667 0.         0.08192824 0.
 0.84175466 0.         0.         0.07230042 0.         0.        ] [0.         0.         0.         0.01370983 0.         0.
 0.01579073 0.97049944 0.         0.         0.         0.        ] [0.         0.         0.         0.         0.         0.
 0.         0.         0.92884011 0.         0.         0.07115989] [0.09008551 0.         0.00214212 0.02782473 0.00809532 0.
 0.0372182  0.         0.         0.83463412 0.         0.        ] [0.         0.07707393 0.01746982 0.         0.         0.
 0.         0.         0.         0.00884335 0.86695916 0.02965373] [0.         0.0392766  0.05216621 0.0093987  0.         0.
 0.         0.00473133 0.00237009 0.00228832 0.00755455 0.88221421]
Mean parameters for each mixture component in each state
[[ 17.20126569  47.93036695  23.17011907  -6.9521566   21.78700748
  -16.21592828  19.99142808 -14.45594288   9.15237724 -29.37262037
  -33.620108   -23.88602914  24.30326991]
 [ 15.74226777  44.53976927  28.03700991   0.21701167   9.10004494
  -16.55403925  25.76071759  -1.97286963  -2.03767964 -34.3658827
  -16.99921335 -14.54053441  13.58749647]] [[ 16.58355276  23.7426528   18.70803726  11.06813643  42.89029435
    9.1260813  -15.46330906 -28.19441217   5.04484188 -41.76537106
  -33.34845058   5.78203108  21.63359459]
 [ 14.23872819  25.82067249  16.14533959   8.07981055  46.00953275
   26.94359226   2.18025947 -21.86492118   4.35757916 -39.7574632
  -33.49959601   0.59383645  -0.46581681]] [[ 10.01347758   4.80773584 -14.69864087 -24.76662479  12.03413759
    5.68043911  -8.05541365 -13.85410687  15.3705991  -11.94472349
   -1.88455868  12.78262651  15.6248761 ]
 [  8.4453304    3.60721289 -13.15017576 -19.20312209   4.62693977
    1.53639574 -15.00120685 -10.84703959  16.55259873  -4.110949
   -7.03930257   4.02643214   9.42424622]] [[  9.71599118   1.52001868   2.39063395   8.35556934 -17.87406782
   -6.66676953   0.52839947  13.0915196    5.29423109  10.54748486
  -10.40324498   9.17200943  -5.02171202]
 [  9.16799905   8.77137976   3.69245195   4.90013544 -10.96150009
   -8.37103739   0.7430555    3.85250374  -3.15784581  -1.83210635
  -11.94936065   3.62491583  -2.6570757 ]] [[ 15.80845472  47.96976806  19.13686233 -19.88664783   3.13849851
  -20.96206244  26.74510855 -13.0827145   -1.04978716 -23.25801646
    7.78865162  -8.5945084    4.83654742]
 [ 13.35629171  33.12577155   7.70237005 -10.35814593  12.05299256
  -22.26240694  32.62521998   4.34579284   1.73669939 -10.08203289
    3.35514101   1.72901224   1.88888385]] [[ 16.30553303  39.6247437   19.04880739  -3.94118041  10.15276104
  -46.58206634  48.62050746   5.01017957 -20.05385625 -16.39899694
   -8.96928329   4.26148266   1.13614442]
 [ 17.04466013  47.5378032   15.74671985 -15.27354125  19.3208062
  -45.10455331  40.3963364    2.22397305 -11.40804672 -31.43241846
    1.99769334 -10.60289553   4.4134876 ]] [[ 13.84406419  19.15745157   2.99086949   4.73583975  22.42147773
  -33.45958062  20.07934957 -32.80709625 -34.85470744  -9.93313868
  -10.67938597  19.32698794 -19.97645423]
 [ 11.84810404  25.17643167   6.68735988  -1.32349888  11.71217204
  -21.11940208  -0.91255324 -28.55507829 -23.07070629 -18.28318746
    1.98145935   5.37737894  -3.21386397]] [[ 15.99639913 -15.91576492   3.25698285  10.55402361   5.04632685
   10.62121374   2.75048396   1.36551096  -6.56739422  -0.83163183
   -6.4513784    7.9171295   -1.75944682]
 [ 17.11654829  -3.0631289   16.79130629  20.14147449  12.62002035
   17.59773576   5.24660624  -5.60469716 -22.81858506 -20.30382805
  -20.91412939   1.46713066  -2.79891819]] [[ 13.83088629  30.65518956  12.71875964 -10.11152671  28.94410676
   20.89496      4.64364716 -35.89563423 -18.80069969 -53.10825609
  -17.00457465  14.75314707  22.23771759]
 [ 15.3689636   34.38574417  16.71178716 -10.0239858   31.79851863
   23.59202351  12.60949026 -35.58938807 -19.45716394 -66.7868264
  -33.22075831  16.44537908  23.41577064]] [[ 12.58167944  18.23762606  17.7974354   14.71251782  -6.54157939
    5.24800739  12.64451604   4.94241286 -13.8606666  -17.46694241
  -23.61846476  -1.41295623  -5.65618933]
 [ 13.7058663   29.91875425  18.89654203   6.01882908   2.35313321
   -6.43173195  10.83325323  -9.63652911 -12.83899811 -17.67186756
  -11.57559266  -1.42237064   3.78345715]] [[ 1.29376166e+01  8.02915647e+00 -8.07392925e+00 -1.78711150e+01
   4.71165115e+01 -1.67990257e-02 -1.90724808e+01 -2.95560202e+01
   2.84301118e+01 -3.32125564e+01 -2.61021600e+01 -5.40664634e+00
   1.16332836e+01]
 [ 1.59948135e+01  1.21481808e+01  1.05805427e+00 -9.67894416e+00
   5.99813992e+01 -5.89772563e+00 -1.15300895e+01 -1.19480896e+01
   4.69997704e+01 -4.39375010e+01 -2.82213133e+01  1.75618086e+01
   2.84790390e+01]] [[ 12.11148694  19.73015915   5.65632981  -3.57239024  23.79450061
   17.1959993   -3.13218138 -17.73838696  -1.5920724  -26.89428175
  -14.2528888    6.34997693  12.91890138]
 [  9.55339503  10.86012803  -2.48049405  -6.69896305  18.31448454
   11.8227529   -8.36437807  -9.55859379  12.56939923 -13.43693414
  -15.31146594  -2.45708133   2.45192864]]
Covariance parameters for each mixture components in each state
[[ 17.20126569  47.93036695  23.17011907  -6.9521566   21.78700748
  -16.21592828  19.99142808 -14.45594288   9.15237724 -29.37262037
  -33.620108   -23.88602914  24.30326991]
 [ 15.74226777  44.53976927  28.03700991   0.21701167   9.10004494
  -16.55403925  25.76071759  -1.97286963  -2.03767964 -34.3658827
  -16.99921335 -14.54053441  13.58749647]] [[ 16.58355276  23.7426528   18.70803726  11.06813643  42.89029435
    9.1260813  -15.46330906 -28.19441217   5.04484188 -41.76537106
  -33.34845058   5.78203108  21.63359459]
 [ 14.23872819  25.82067249  16.14533959   8.07981055  46.00953275
   26.94359226   2.18025947 -21.86492118   4.35757916 -39.7574632
  -33.49959601   0.59383645  -0.46581681]] [[ 10.01347758   4.80773584 -14.69864087 -24.76662479  12.03413759
    5.68043911  -8.05541365 -13.85410687  15.3705991  -11.94472349
   -1.88455868  12.78262651  15.6248761 ]
 [  8.4453304    3.60721289 -13.15017576 -19.20312209   4.62693977
    1.53639574 -15.00120685 -10.84703959  16.55259873  -4.110949
   -7.03930257   4.02643214   9.42424622]] [[  9.71599118   1.52001868   2.39063395   8.35556934 -17.87406782
   -6.66676953   0.52839947  13.0915196    5.29423109  10.54748486
  -10.40324498   9.17200943  -5.02171202]
 [  9.16799905   8.77137976   3.69245195   4.90013544 -10.96150009
   -8.37103739   0.7430555    3.85250374  -3.15784581  -1.83210635
  -11.94936065   3.62491583  -2.6570757 ]] [[ 15.80845472  47.96976806  19.13686233 -19.88664783   3.13849851
  -20.96206244  26.74510855 -13.0827145   -1.04978716 -23.25801646
    7.78865162  -8.5945084    4.83654742]
 [ 13.35629171  33.12577155   7.70237005 -10.35814593  12.05299256
  -22.26240694  32.62521998   4.34579284   1.73669939 -10.08203289
    3.35514101   1.72901224   1.88888385]] [[ 16.30553303  39.6247437   19.04880739  -3.94118041  10.15276104
  -46.58206634  48.62050746   5.01017957 -20.05385625 -16.39899694
   -8.96928329   4.26148266   1.13614442]
 [ 17.04466013  47.5378032   15.74671985 -15.27354125  19.3208062
  -45.10455331  40.3963364    2.22397305 -11.40804672 -31.43241846
    1.99769334 -10.60289553   4.4134876 ]] [[ 13.84406419  19.15745157   2.99086949   4.73583975  22.42147773
  -33.45958062  20.07934957 -32.80709625 -34.85470744  -9.93313868
  -10.67938597  19.32698794 -19.97645423]
 [ 11.84810404  25.17643167   6.68735988  -1.32349888  11.71217204
  -21.11940208  -0.91255324 -28.55507829 -23.07070629 -18.28318746
    1.98145935   5.37737894  -3.21386397]] [[ 15.99639913 -15.91576492   3.25698285  10.55402361   5.04632685
   10.62121374   2.75048396   1.36551096  -6.56739422  -0.83163183
   -6.4513784    7.9171295   -1.75944682]
 [ 17.11654829  -3.0631289   16.79130629  20.14147449  12.62002035
   17.59773576   5.24660624  -5.60469716 -22.81858506 -20.30382805
  -20.91412939   1.46713066  -2.79891819]] [[ 13.83088629  30.65518956  12.71875964 -10.11152671  28.94410676
   20.89496      4.64364716 -35.89563423 -18.80069969 -53.10825609
  -17.00457465  14.75314707  22.23771759]
 [ 15.3689636   34.38574417  16.71178716 -10.0239858   31.79851863
   23.59202351  12.60949026 -35.58938807 -19.45716394 -66.7868264
  -33.22075831  16.44537908  23.41577064]] [[ 12.58167944  18.23762606  17.7974354   14.71251782  -6.54157939
    5.24800739  12.64451604   4.94241286 -13.8606666  -17.46694241
  -23.61846476  -1.41295623  -5.65618933]
 [ 13.7058663   29.91875425  18.89654203   6.01882908   2.35313321
   -6.43173195  10.83325323  -9.63652911 -12.83899811 -17.67186756
  -11.57559266  -1.42237064   3.78345715]] [[ 1.29376166e+01  8.02915647e+00 -8.07392925e+00 -1.78711150e+01
   4.71165115e+01 -1.67990257e-02 -1.90724808e+01 -2.95560202e+01
   2.84301118e+01 -3.32125564e+01 -2.61021600e+01 -5.40664634e+00
   1.16332836e+01]
 [ 1.59948135e+01  1.21481808e+01  1.05805427e+00 -9.67894416e+00
   5.99813992e+01 -5.89772563e+00 -1.15300895e+01 -1.19480896e+01
   4.69997704e+01 -4.39375010e+01 -2.82213133e+01  1.75618086e+01
   2.84790390e+01]] [[ 12.11148694  19.73015915   5.65632981  -3.57239024  23.79450061
   17.1959993   -3.13218138 -17.73838696  -1.5920724  -26.89428175
  -14.2528888    6.34997693  12.91890138]
 [  9.55339503  10.86012803  -2.48049405  -6.69896305  18.31448454
   11.8227529   -8.36437807  -9.55859379  12.56939923 -13.43693414
  -15.31146594  -2.45708133   2.45192864]]

Model_name : trong
Initial state occupation distribution
1.0 0.0 0.0 0.0 0.0 0.0 0.0 0.0 0.0 0.0 0.0 0.0
Matrix of transition probabilities between states
[0.90759669 0.00369537 0.03695372 0.         0.         0.
 0.         0.03695698 0.         0.         0.01479725 0.        ] [0.         0.90626331 0.00403896 0.01266611 0.         0.0671567
 0.         0.         0.00608302 0.         0.00091053 0.00288137] [0.         0.         0.93166427 0.         0.06833573 0.
 0.         0.         0.         0.         0.         0.        ] [0.         0.00475309 0.         0.63913434 0.         0.04443406
 0.15560497 0.         0.         0.06090121 0.         0.09517233] [0.         0.         0.02073364 0.00547033 0.95829699 0.00820535
 0.         0.         0.00729369 0.         0.         0.        ] [0.         0.00219356 0.00473615 0.11764357 0.         0.83332732
 0.01649165 0.         0.02560775 0.         0.         0.        ] [0.         0.         0.         0.13719942 0.         0.
 0.85023173 0.         0.         0.01256884 0.         0.        ] [0.03542287 0.         0.         0.         0.         0.01180593
 0.         0.9527712  0.         0.         0.         0.        ] [0.02531709 0.         0.         0.         0.         0.
 0.         0.         0.89749859 0.         0.07718433 0.        ] [0.         0.0550519  0.         0.00440042 0.         0.
 0.         0.         0.         0.8840933  0.         0.05645438] [0.         0.         0.         0.01057962 0.         0.03657592
 0.         0.         0.03382318 0.         0.91902127 0.        ] [0.         0.09139731 0.         0.         0.         0.
 0.         0.         0.         0.04177858 0.         0.86682411]
Mean parameters for each mixture component in each state
[[ 12.84099709   4.85590346  15.623165    -3.94179039 -21.22217897
   -5.91083992 -22.97681048 -26.65899063 -31.45349645 -29.20236354
  -26.83223803 -26.81748957 -14.42704957]
 [ 16.64345868  -6.22238811   0.17143653 -15.136878   -11.9051977
  -14.21663068  -0.14646764  -3.48772679 -12.75770517   1.48065875
   -9.99249635 -11.8814957   -9.08890108]] [[ 14.614932    30.1576271   22.19299046 -11.66957477  23.59823738
   42.79246175 -22.7805309   -8.11522693  31.82420264 -20.38271107
  -12.98622092  -9.24301496  11.72090029]
 [ 13.82283729  26.98074778  14.72670657 -20.72179758  22.96640932
   43.26808909 -16.7783887    1.49520368  39.56486759 -18.26795221
   -4.86090212  -2.5818175   16.02276346]] [[ 16.17510889 -11.27552617  -4.71150691  11.17232309  -7.08406943
   10.94869692  -3.68611429   4.51120143  -1.51843804   8.84035448
   -9.12080531  17.48905976  -5.07405336]
 [ 18.43227076 -19.48368861 -18.78046682   4.85719448   9.25740626
    8.29972101   8.1543981   -5.50245812  -0.08519864   6.72568076
  -24.37366221  30.29672253  -8.04699629]] [[ 13.97151727  18.16178378  -7.97303328 -49.61395666  23.01634082
   35.96522336 -15.86704865 -19.89626592  27.90265541 -25.84056836
   10.3200727   -6.02082269  15.77754276]
 [ 14.10329408  26.90166382   1.72225201 -47.67585721  12.56486965
   21.93647514 -27.05659708 -13.06409185  40.04859173 -21.82247064
    2.40803507  -7.24075049  13.9689148 ]] [[ 17.60179542   6.70810977  10.88020065  15.32551411  -8.63399858
    6.05498024  -9.75779122  -9.70917641 -15.32690749  -3.07740731
  -15.24965699  14.39171021  -4.94209955]
 [ 16.09954716  -3.90526062   7.39598206  22.72598219  -2.40100996
   17.5077467   -5.82485326   2.72974444  -7.21117466   5.1728506
  -11.95299415  12.18853413  -5.74158459]] [[ 11.6711598   18.30402004   8.13270559 -23.46785208  14.31019175
   43.70936459 -23.42851152  -3.83748727  31.42455379 -12.49682451
   -0.87210439  -4.99546732  13.6182695 ]
 [ 10.81481588  12.09245019   0.56459052 -32.05875493   3.95920383
   36.4956066  -32.10832347 -10.73678711  25.85963516 -14.08483992
   -2.40037049  -6.61177523  11.97989309]] [[ 16.56692902  23.63346108 -18.18223406 -70.87924438  28.78171302
   21.4792957   -8.61848048 -23.3473507   38.31308188 -32.52362374
    8.97469961 -15.091938    16.062909  ]
 [ 18.74866526  24.31606811 -30.5148794  -82.22974975  44.12556312
    8.05656068  -1.47896309 -26.05576863  43.40679604 -41.87185946
   10.77493308 -16.03205324  14.38158785]] [[ 17.0859412  -41.11061014   5.0621495   17.90655055 -46.3613459
    8.68442834 -31.24583428  11.14076634 -16.8835329   -2.97846276
  -15.65427769  -0.32425475  -4.31438022]
 [ 15.1188886   -7.19224542 -16.06018361 -19.94314483 -45.11495118
   28.84386453 -26.16764476 -13.59636842 -17.20330023  -2.8720483
  -27.68263338 -18.31573024  -4.97405064]] [[ 1.59364129e+01 -2.08774144e+01 -1.11865850e+01  2.76639425e+00
   6.10274181e+00 -2.52958960e+00  6.35328669e+00  7.32991502e-02
  -1.34082512e+00 -3.79136991e+00  2.00831267e+00  8.96228864e+00
  -3.52838473e-02]
 [ 1.91714842e+01 -3.31069126e+01 -3.94208930e+01  1.08777792e+01
   8.43725144e+00 -6.61239106e+00 -7.26496240e+00 -1.39860428e+01
  -6.74254430e+00 -1.89746554e+00  8.70339108e-01  6.69382957e+00
  -1.13677330e+00]] [[ 16.78315666  40.25938658  16.23997882 -31.97772129  27.20628755
   12.64256149 -23.6005132  -14.95443873  41.29774663 -37.36671909
   -8.08080648  10.23314183  18.37874393]
 [ 15.55232984  33.97033498  17.9257041  -21.36790212  28.71754826
   27.7647986  -18.3771352   -1.31887778  43.54054253 -33.85264368
  -17.95950717  -1.94636558  15.97083844]] [[14.15988782  0.19120872  6.0778299   7.173165   22.21732336 -1.68729334
   3.33711119  5.43658491  9.81338763  2.00926755  0.76290463  6.10107159
  -8.51463443]
 [15.82123966  5.51421317  4.36632752 -2.4065945   5.47970369 -5.54789314
  -9.01223409  9.89331965 18.60081417  1.79170453 -0.88137963  6.67429109
  -5.26066608]] [[ 16.91476609  40.8680879   24.40173638 -20.41091437  21.6924844
   19.40043444 -31.98684841 -29.9890385   32.97723612 -20.00496246
   -7.78819612  -5.13416851  13.55067887]
 [ 15.18712814  34.97449122  20.14890551 -20.81487033  22.15334426
   29.99862898 -28.82742721 -18.69348717  26.96012902 -27.42076641
   -4.81609896   2.41776405  20.61859423]]
Covariance parameters for each mixture components in each state
[[ 12.84099709   4.85590346  15.623165    -3.94179039 -21.22217897
   -5.91083992 -22.97681048 -26.65899063 -31.45349645 -29.20236354
  -26.83223803 -26.81748957 -14.42704957]
 [ 16.64345868  -6.22238811   0.17143653 -15.136878   -11.9051977
  -14.21663068  -0.14646764  -3.48772679 -12.75770517   1.48065875
   -9.99249635 -11.8814957   -9.08890108]] [[ 14.614932    30.1576271   22.19299046 -11.66957477  23.59823738
   42.79246175 -22.7805309   -8.11522693  31.82420264 -20.38271107
  -12.98622092  -9.24301496  11.72090029]
 [ 13.82283729  26.98074778  14.72670657 -20.72179758  22.96640932
   43.26808909 -16.7783887    1.49520368  39.56486759 -18.26795221
   -4.86090212  -2.5818175   16.02276346]] [[ 16.17510889 -11.27552617  -4.71150691  11.17232309  -7.08406943
   10.94869692  -3.68611429   4.51120143  -1.51843804   8.84035448
   -9.12080531  17.48905976  -5.07405336]
 [ 18.43227076 -19.48368861 -18.78046682   4.85719448   9.25740626
    8.29972101   8.1543981   -5.50245812  -0.08519864   6.72568076
  -24.37366221  30.29672253  -8.04699629]] [[ 13.97151727  18.16178378  -7.97303328 -49.61395666  23.01634082
   35.96522336 -15.86704865 -19.89626592  27.90265541 -25.84056836
   10.3200727   -6.02082269  15.77754276]
 [ 14.10329408  26.90166382   1.72225201 -47.67585721  12.56486965
   21.93647514 -27.05659708 -13.06409185  40.04859173 -21.82247064
    2.40803507  -7.24075049  13.9689148 ]] [[ 17.60179542   6.70810977  10.88020065  15.32551411  -8.63399858
    6.05498024  -9.75779122  -9.70917641 -15.32690749  -3.07740731
  -15.24965699  14.39171021  -4.94209955]
 [ 16.09954716  -3.90526062   7.39598206  22.72598219  -2.40100996
   17.5077467   -5.82485326   2.72974444  -7.21117466   5.1728506
  -11.95299415  12.18853413  -5.74158459]] [[ 11.6711598   18.30402004   8.13270559 -23.46785208  14.31019175
   43.70936459 -23.42851152  -3.83748727  31.42455379 -12.49682451
   -0.87210439  -4.99546732  13.6182695 ]
 [ 10.81481588  12.09245019   0.56459052 -32.05875493   3.95920383
   36.4956066  -32.10832347 -10.73678711  25.85963516 -14.08483992
   -2.40037049  -6.61177523  11.97989309]] [[ 16.56692902  23.63346108 -18.18223406 -70.87924438  28.78171302
   21.4792957   -8.61848048 -23.3473507   38.31308188 -32.52362374
    8.97469961 -15.091938    16.062909  ]
 [ 18.74866526  24.31606811 -30.5148794  -82.22974975  44.12556312
    8.05656068  -1.47896309 -26.05576863  43.40679604 -41.87185946
   10.77493308 -16.03205324  14.38158785]] [[ 17.0859412  -41.11061014   5.0621495   17.90655055 -46.3613459
    8.68442834 -31.24583428  11.14076634 -16.8835329   -2.97846276
  -15.65427769  -0.32425475  -4.31438022]
 [ 15.1188886   -7.19224542 -16.06018361 -19.94314483 -45.11495118
   28.84386453 -26.16764476 -13.59636842 -17.20330023  -2.8720483
  -27.68263338 -18.31573024  -4.97405064]] [[ 1.59364129e+01 -2.08774144e+01 -1.11865850e+01  2.76639425e+00
   6.10274181e+00 -2.52958960e+00  6.35328669e+00  7.32991502e-02
  -1.34082512e+00 -3.79136991e+00  2.00831267e+00  8.96228864e+00
  -3.52838473e-02]
 [ 1.91714842e+01 -3.31069126e+01 -3.94208930e+01  1.08777792e+01
   8.43725144e+00 -6.61239106e+00 -7.26496240e+00 -1.39860428e+01
  -6.74254430e+00 -1.89746554e+00  8.70339108e-01  6.69382957e+00
  -1.13677330e+00]] [[ 16.78315666  40.25938658  16.23997882 -31.97772129  27.20628755
   12.64256149 -23.6005132  -14.95443873  41.29774663 -37.36671909
   -8.08080648  10.23314183  18.37874393]
 [ 15.55232984  33.97033498  17.9257041  -21.36790212  28.71754826
   27.7647986  -18.3771352   -1.31887778  43.54054253 -33.85264368
  -17.95950717  -1.94636558  15.97083844]] [[14.15988782  0.19120872  6.0778299   7.173165   22.21732336 -1.68729334
   3.33711119  5.43658491  9.81338763  2.00926755  0.76290463  6.10107159
  -8.51463443]
 [15.82123966  5.51421317  4.36632752 -2.4065945   5.47970369 -5.54789314
  -9.01223409  9.89331965 18.60081417  1.79170453 -0.88137963  6.67429109
  -5.26066608]] [[ 16.91476609  40.8680879   24.40173638 -20.41091437  21.6924844
   19.40043444 -31.98684841 -29.9890385   32.97723612 -20.00496246
   -7.78819612  -5.13416851  13.55067887]
 [ 15.18712814  34.97449122  20.14890551 -20.81487033  22.15334426
   29.99862898 -28.82742721 -18.69348717  26.96012902 -27.42076641
   -4.81609896   2.41776405  20.61859423]]

Model_name : vietnam
Initial state occupation distribution
1.0 0.0 0.0 0.0 0.0 0.0 0.0 0.0 0.0 0.0 0.0 0.0
Matrix of transition probabilities between states
[0.93783549 0.00192236 0.00221512 0.00405497 0.00356221 0.00096947
 0.01965231 0.         0.         0.         0.01276422 0.01702384] [0.00138279 0.96662134 0.00163732 0.0042726  0.003858   0.
 0.         0.02013138 0.         0.         0.00209658 0.        ] [0.00000000e+00 0.00000000e+00 9.92262281e-01 0.00000000e+00
 4.94491493e-03 0.00000000e+00 0.00000000e+00 0.00000000e+00
 0.00000000e+00 0.00000000e+00 2.14781962e-03 6.44984940e-04] [0.00923141 0.00917084 0.00140955 0.94731107 0.01643425 0.
 0.         0.         0.0023682  0.00329407 0.01078061 0.        ] [3.30471864e-04 1.93495215e-03 6.44710028e-04 1.01681639e-02
 9.60373823e-01 0.00000000e+00 0.00000000e+00 2.00006539e-02
 0.00000000e+00 4.32120062e-03 0.00000000e+00 2.22602463e-03] [0.00274991 0.         0.         0.         0.         0.94331007
 0.0065769  0.         0.         0.         0.04736313 0.        ] [4.20755197e-03 0.00000000e+00 0.00000000e+00 0.00000000e+00
 0.00000000e+00 3.92128910e-03 9.53943092e-01 8.90032157e-04
 0.00000000e+00 0.00000000e+00 1.65081869e-02 2.05298482e-02] [8.13800806e-04 1.43579505e-02 0.00000000e+00 1.83806856e-03
 2.28171417e-02 0.00000000e+00 0.00000000e+00 9.59190380e-01
 1.27207744e-04 0.00000000e+00 8.55450616e-04 0.00000000e+00] [0.         0.         0.         0.00826452 0.         0.
 0.         0.         0.98243905 0.00929643 0.         0.        ] [0.00000000e+00 0.00000000e+00 0.00000000e+00 6.07933206e-03
 4.94235556e-03 0.00000000e+00 0.00000000e+00 6.77450554e-04
 0.00000000e+00 9.78319440e-01 9.98142223e-03 0.00000000e+00] [8.62153328e-03 6.01925478e-04 1.51207889e-03 2.61695362e-03
 3.75367949e-03 2.17304611e-02 1.24500419e-02 1.54070465e-03
 7.81513938e-04 8.41011600e-03 9.37980992e-01 0.00000000e+00] [0.04282182 0.         0.         0.         0.         0.
 0.01751609 0.         0.         0.         0.         0.93966208]
Mean parameters for each mixture component in each state
[[ 13.06526774  36.18570701  12.20071262 -22.16398883  28.63499401
    5.3754698  -12.01014951 -23.41110554  33.52776086 -10.03547243
   -9.37727281   1.85941768  13.57448356]
 [ 16.04883219  45.41962851  20.79834609 -21.29205431  35.57837015
   -2.86764476 -25.75919871 -48.91583335  43.92008718  -0.66463542
  -10.79965863   3.33151129   3.35933191]] [[ 1.47918482e+01 -5.29068313e+00  3.00516545e+00  1.01781517e+01
  -2.16720720e+01  3.62453773e-01 -1.21888376e+00  5.37065124e+00
  -8.56861350e+00  2.01499140e+01  4.12452640e+00  1.73219762e+01
  -1.89442008e+00]
 [ 1.73617639e+01  3.14643215e+01 -1.39807735e+01 -2.36049397e+01
  -1.85198893e+01 -2.27947353e+01  3.78854273e+01  3.21166808e-03
  -3.84976494e+01  2.74894500e+01  5.03794050e+00 -6.47615147e+00
  -1.01715951e+01]] [[ 11.66508022  22.03979586  -4.4038236  -13.58701878  37.60959901
  -24.34682356  12.34452322  10.27082704   8.8721534   -6.69230791
   20.96581029  -8.610069    -3.78494316]
 [ 14.52477502  29.07336685  -4.82400426 -22.86499286  44.91379337
  -47.10791715  30.57045551   9.02482263  -0.32799374  -7.68070724
   20.82898731 -17.91293753 -11.90415144]] [[ 17.07509985  25.52850112 -21.26002174  -5.61253985 -10.84753199
   19.65483908 -32.73963197  10.01159094  -2.48767959 -11.00930249
   -7.38512439  -2.52066492   1.66529965]
 [ 13.75777332  23.00999013  -2.96747785  -8.34417385  11.60377469
   20.65390222  -4.10136477 -15.28866537 -12.36978982  -0.27063885
   -7.01719079  -3.92075016  -2.91151235]] [[ 14.3162868   17.98594339  -1.20885291  18.1426657   20.65001155
  -22.39813481 -33.64554195  11.15735894 -16.478601    -1.50736415
    3.22950801   1.80705411  -1.64825923]
 [ 11.85611594  -8.13885565   6.91925489   5.00700508  -6.72887989
    7.46562596   0.37793353  14.66096938   0.96399364   0.34770289
    5.58000729   2.90632912   1.4330354 ]] [[ 14.07830079  37.7360157   36.1670559  -23.80760238 -16.95589366
  -10.43731283  10.65655953 -28.92040973  25.6954154   -9.93689838
   -3.2156      -4.24366546   6.2844789 ]
 [ 18.2973774   48.24702799  12.55354173 -50.06855125  -3.37343213
  -12.90909541  22.6784783  -18.09120358  40.89544362 -21.11037922
  -11.88709435   6.50225376  15.08740284]] [[ 12.74640673  31.56628403  -2.22181451 -41.62749811  29.98164578
    8.13307225   1.32730623 -11.41320849  45.15195491 -12.33866278
   -7.14170309  -6.09327365   9.75453961]
 [ 10.55644842  23.88495396  -6.02608098 -39.76795266  22.84571366
    9.02785266 -11.74593139 -21.59201034  28.47969815 -10.65978573
   -6.7179482   -6.09332856  12.80151032]] [[ 16.26839298   0.66660321   8.83620838  14.46910358 -12.30446582
   10.85949413   6.39206655   9.33526404  -3.83018586  12.0286968
   -9.87007504   7.89607459 -11.10698997]
 [  6.97925701 -21.13053458   0.33348109  10.20545788   3.40904923
   13.50890748   5.67963213  14.90207728   7.65109708  11.65968404
    8.60029471  10.39278318   4.50254366]] [[ 1.40838444e+01  3.93400467e-01 -9.72348745e+00  1.96769212e+01
  -1.04305643e+01  5.11513952e-03 -3.29901454e+01 -1.79497112e+01
  -2.97104009e+01 -3.88780874e+01 -5.99893161e+01 -2.61462028e+01
  -1.41701382e+01]
 [ 1.40936539e+01  2.66117647e+00  1.59731162e+01  2.85515323e+01
  -4.14332221e+01 -2.93392130e+01 -4.15560733e+01 -5.80610716e+00
  -3.62170858e+01 -7.75227905e+00 -1.16726886e+01 -2.03248953e+01
  -1.67493034e+01]] [[  8.75978869 -22.58394213  -9.52678148  -2.7555811   -6.26200283
   -1.74830398  -7.14735105   3.51107427  -9.96100276   0.61449056
   -7.94263131  -0.68014837  -5.68204522]
 [  5.7994781   -7.15812241  -7.37639414  -9.24533649  -6.01962277
    4.65827142  -6.31359665  -3.74996654   0.70500681   1.49282962
   -8.22610293  -4.18089438  -0.14640365]] [[10.93155404 24.39882086 28.85102464 -9.46627957 -5.52945109  3.87408693
  13.71102518 -5.52939497 26.67365446  2.39588496  0.97056908 -5.96207865
   4.81568615]
 [ 8.06144424  9.39517844  6.35478885 -8.21989336  3.17854224 14.08921907
   3.10042833  5.91919545 21.14486642 10.83473665 -1.47426135 -1.74828242
   7.35987217]] [[ 16.3387785   39.43327746  12.43640585 -22.80650379  50.69734874
   12.35887519   1.84288205 -19.88178061  57.65139033 -12.57677847
  -28.96889911   4.09342754 -10.74648901]
 [ 13.96037355  34.15009264  13.16398418 -13.66958203  39.36140627
   26.33642151   5.43874711 -11.76437237  45.40844308  -0.73174268
  -14.17306265   4.88300057   2.47150273]]
Covariance parameters for each mixture components in each state
[[ 13.06526774  36.18570701  12.20071262 -22.16398883  28.63499401
    5.3754698  -12.01014951 -23.41110554  33.52776086 -10.03547243
   -9.37727281   1.85941768  13.57448356]
 [ 16.04883219  45.41962851  20.79834609 -21.29205431  35.57837015
   -2.86764476 -25.75919871 -48.91583335  43.92008718  -0.66463542
  -10.79965863   3.33151129   3.35933191]] [[ 1.47918482e+01 -5.29068313e+00  3.00516545e+00  1.01781517e+01
  -2.16720720e+01  3.62453773e-01 -1.21888376e+00  5.37065124e+00
  -8.56861350e+00  2.01499140e+01  4.12452640e+00  1.73219762e+01
  -1.89442008e+00]
 [ 1.73617639e+01  3.14643215e+01 -1.39807735e+01 -2.36049397e+01
  -1.85198893e+01 -2.27947353e+01  3.78854273e+01  3.21166808e-03
  -3.84976494e+01  2.74894500e+01  5.03794050e+00 -6.47615147e+00
  -1.01715951e+01]] [[ 11.66508022  22.03979586  -4.4038236  -13.58701878  37.60959901
  -24.34682356  12.34452322  10.27082704   8.8721534   -6.69230791
   20.96581029  -8.610069    -3.78494316]
 [ 14.52477502  29.07336685  -4.82400426 -22.86499286  44.91379337
  -47.10791715  30.57045551   9.02482263  -0.32799374  -7.68070724
   20.82898731 -17.91293753 -11.90415144]] [[ 17.07509985  25.52850112 -21.26002174  -5.61253985 -10.84753199
   19.65483908 -32.73963197  10.01159094  -2.48767959 -11.00930249
   -7.38512439  -2.52066492   1.66529965]
 [ 13.75777332  23.00999013  -2.96747785  -8.34417385  11.60377469
   20.65390222  -4.10136477 -15.28866537 -12.36978982  -0.27063885
   -7.01719079  -3.92075016  -2.91151235]] [[ 14.3162868   17.98594339  -1.20885291  18.1426657   20.65001155
  -22.39813481 -33.64554195  11.15735894 -16.478601    -1.50736415
    3.22950801   1.80705411  -1.64825923]
 [ 11.85611594  -8.13885565   6.91925489   5.00700508  -6.72887989
    7.46562596   0.37793353  14.66096938   0.96399364   0.34770289
    5.58000729   2.90632912   1.4330354 ]] [[ 14.07830079  37.7360157   36.1670559  -23.80760238 -16.95589366
  -10.43731283  10.65655953 -28.92040973  25.6954154   -9.93689838
   -3.2156      -4.24366546   6.2844789 ]
 [ 18.2973774   48.24702799  12.55354173 -50.06855125  -3.37343213
  -12.90909541  22.6784783  -18.09120358  40.89544362 -21.11037922
  -11.88709435   6.50225376  15.08740284]] [[ 12.74640673  31.56628403  -2.22181451 -41.62749811  29.98164578
    8.13307225   1.32730623 -11.41320849  45.15195491 -12.33866278
   -7.14170309  -6.09327365   9.75453961]
 [ 10.55644842  23.88495396  -6.02608098 -39.76795266  22.84571366
    9.02785266 -11.74593139 -21.59201034  28.47969815 -10.65978573
   -6.7179482   -6.09332856  12.80151032]] [[ 16.26839298   0.66660321   8.83620838  14.46910358 -12.30446582
   10.85949413   6.39206655   9.33526404  -3.83018586  12.0286968
   -9.87007504   7.89607459 -11.10698997]
 [  6.97925701 -21.13053458   0.33348109  10.20545788   3.40904923
   13.50890748   5.67963213  14.90207728   7.65109708  11.65968404
    8.60029471  10.39278318   4.50254366]] [[ 1.40838444e+01  3.93400467e-01 -9.72348745e+00  1.96769212e+01
  -1.04305643e+01  5.11513952e-03 -3.29901454e+01 -1.79497112e+01
  -2.97104009e+01 -3.88780874e+01 -5.99893161e+01 -2.61462028e+01
  -1.41701382e+01]
 [ 1.40936539e+01  2.66117647e+00  1.59731162e+01  2.85515323e+01
  -4.14332221e+01 -2.93392130e+01 -4.15560733e+01 -5.80610716e+00
  -3.62170858e+01 -7.75227905e+00 -1.16726886e+01 -2.03248953e+01
  -1.67493034e+01]] [[  8.75978869 -22.58394213  -9.52678148  -2.7555811   -6.26200283
   -1.74830398  -7.14735105   3.51107427  -9.96100276   0.61449056
   -7.94263131  -0.68014837  -5.68204522]
 [  5.7994781   -7.15812241  -7.37639414  -9.24533649  -6.01962277
    4.65827142  -6.31359665  -3.74996654   0.70500681   1.49282962
   -8.22610293  -4.18089438  -0.14640365]] [[10.93155404 24.39882086 28.85102464 -9.46627957 -5.52945109  3.87408693
  13.71102518 -5.52939497 26.67365446  2.39588496  0.97056908 -5.96207865
   4.81568615]
 [ 8.06144424  9.39517844  6.35478885 -8.21989336  3.17854224 14.08921907
   3.10042833  5.91919545 21.14486642 10.83473665 -1.47426135 -1.74828242
   7.35987217]] [[ 16.3387785   39.43327746  12.43640585 -22.80650379  50.69734874
   12.35887519   1.84288205 -19.88178061  57.65139033 -12.57677847
  -28.96889911   4.09342754 -10.74648901]
 [ 13.96037355  34.15009264  13.16398418 -13.66958203  39.36140627
   26.33642151   5.43874711 -11.76437237  45.40844308  -0.73174268
  -14.17306265   4.88300057   2.47150273]]

Model_name : khong
Initial state occupation distribution
1.0 0.0 0.0 0.0 0.0 0.0 0.0 0.0 0.0 0.0 0.0 0.0
Matrix of transition probabilities between states
[0.93734384 0.         0.         0.         0.         0.01905049
 0.         0.         0.         0.04360567 0.         0.        ] [0.00000000e+00 9.55633742e-01 3.16617149e-03 0.00000000e+00
 0.00000000e+00 1.35868330e-03 1.74407777e-03 0.00000000e+00
 3.25361752e-02 5.14737856e-03 0.00000000e+00 4.13772092e-04] [0.         0.00091697 0.91309425 0.00466394 0.         0.
 0.00176628 0.         0.         0.00282307 0.0260913  0.0506442 ] [0.         0.         0.         0.90930523 0.         0.
 0.         0.09069477 0.         0.         0.         0.        ] [0.07486347 0.         0.         0.         0.92343399 0.00170254
 0.         0.         0.         0.         0.         0.        ] [0.         0.         0.00250893 0.         0.07863175 0.90953048
 0.00167979 0.         0.         0.00764904 0.         0.        ] [0.         0.00665149 0.00663839 0.         0.         0.
 0.97005156 0.         0.         0.01152143 0.         0.00513713] [0.00000000e+00 5.22192399e-03 3.00688305e-02 0.00000000e+00
 0.00000000e+00 7.54565659e-04 3.62190531e-03 9.36564179e-01
 4.61758845e-04 8.76396298e-03 6.69637983e-03 7.84649391e-03] [0.         0.07088207 0.00125906 0.         0.         0.
 0.         0.         0.92639431 0.00146456 0.         0.        ] [0.         0.02047815 0.02169223 0.         0.         0.06451928
 0.01284818 0.         0.         0.88046217 0.         0.        ] [0.         0.00453277 0.03511445 0.         0.         0.
 0.         0.         0.         0.00754196 0.94920986 0.00360095] [0.         0.         0.         0.11029676 0.         0.
 0.         0.         0.         0.         0.         0.88970324]
Mean parameters for each mixture component in each state
[[ -5.84657808  36.75319374  17.23930134 -19.07894671  20.5769818
    9.17463613  18.87577431   0.29683114  36.25302621 -38.4273209
  -36.75881468  17.43818448  33.73299213]
 [ -7.39767472  30.31526511  18.83692476  -1.63277496  16.64511142
   18.15337618  13.06579831   1.59313974  21.01388514 -22.05543136
  -25.33563917   9.1156618   25.73603339]] [[-1.01189774e+01  5.25894721e+00 -9.60719764e+00 -2.15179771e+01
   3.88474222e+01 -4.20212260e+01  2.66678832e+00 -1.21968542e+01
  -2.03381964e+00 -2.06298243e+01  1.91799298e+01 -2.76142961e+00
   1.91673697e+00]
 [-1.03139574e+01  5.51711533e+00 -6.47582139e+00 -1.45266779e+01
   4.59826063e+01 -3.15510849e+01  1.36095945e+01  2.17410986e-01
   6.44291909e+00 -1.49113501e+01  1.87530076e+01 -4.21284400e+00
  -3.91311718e-02]] [[ -5.05581453 -12.71624923 -11.91390215   0.94047243   0.70391124
  -11.76727119  -7.27544042 -24.21364268 -13.67306102   5.79548988
   -1.97752377  17.40352578  -5.49716593]
 [ -5.1406453   -9.97697946 -10.59267921   2.68354246   3.13242189
   -3.78167111   8.04915055  -5.73367192   0.46982128  13.46365049
   -0.51291601  14.52281544  -9.2851993 ]] [[ -2.06518861  13.22049414   2.61484658  14.74259356  37.82953925
    5.7929127   14.22979798 -16.27685245 -12.43177209 -31.55784825
  -28.30292764  17.44675153   8.59455706]
 [ -1.79754274  18.34682493  10.75188103  20.77044239  38.18477768
    7.6861967   24.61594821  -5.60814576 -12.34123393 -33.71801265
  -32.89561887   4.96737066   3.49421784]] [[ -4.76131104  35.03715504  20.97643755  -8.58029421  41.65196813
    2.92656881  -0.65341863 -17.43286076  38.59867431 -41.02849996
  -47.11631821  22.84258999  24.8295795 ]
 [ -3.29600927  41.23611221  19.14742563 -23.03375528  40.86133856
   -8.95885757  -9.21278083 -33.62162519  40.37734782 -43.74684353
  -46.75043729  28.79897166  25.37421733]] [[ -6.96666622  24.88888443  -6.97614999 -39.39756631  36.32880361
  -19.68683776 -34.82650925 -48.41436425  35.73800037 -18.99606619
    2.04101572  17.74796785  23.84156493]
 [ -6.5473295   27.64594622  -1.50205515 -29.71226064  50.38915478
   -3.22811243 -12.41541572 -29.03515137  46.26489959 -22.031215
   -6.88093468  15.6348325   22.01986295]] [[-3.60436534e+01  0.00000000e+00 -3.20763172e-14  0.00000000e+00
   2.39267990e-13  0.00000000e+00 -2.05930167e-13  0.00000000e+00
   3.07279170e-13  0.00000000e+00 -3.27769755e-13  0.00000000e+00
   3.59484803e-13]
 [-3.29228560e+00  8.56778936e+00 -5.34279946e+00 -3.45321836e-01
  -1.54759550e+01  1.17156836e+01 -1.54620711e+01  2.04150903e+00
  -2.54521553e+00  3.99303503e-02 -1.74533806e+00  7.95710339e-01
  -4.03966909e-01]] [[ -5.40775126   8.52899111   8.71303946  10.49760636  24.10655443
    8.20479179  41.12201145   3.2512311    1.3027644   -3.48940157
  -10.86562711  -2.57965457  -0.1425261 ]
 [ -4.42269849  12.46007562   9.91144812  11.0343125   22.66312972
   14.5849844   54.46843922  16.94138463   6.42072541  -4.44423602
  -21.050199    -9.31524723  -4.35339778]] [[ -7.90107599  17.84273233  11.19863138  -4.08252728  54.68602523
  -35.33403981   5.42443396 -26.36810769 -16.34450605 -37.8191543
   12.8352381  -12.42800203   2.63879591]
 [ -9.47850782  12.58733182   2.56233498  -7.46548013  51.83608199
  -30.41898093  11.30670594  -9.35565081  -4.94584172 -27.64298295
   10.47331508 -11.95582191  -3.70250847]] [[ -9.87315619  16.65575004  11.42688175   6.85130224  16.07039741
   20.54246178   3.73864138  -1.22171729  11.15474334  -3.10253422
   -9.11912029   0.29328305  11.31123852]
 [ -9.09885217  19.12673337  14.78174635  -9.38445851  13.08541938
   -7.35139331  -7.00505809 -23.04342707  17.97156806  -6.00711786
   -0.7106625   -1.55227603  12.13514773]] [[ -4.33260196   4.49639745   6.48020392  19.18641844  12.39404996
   -0.50686081   9.26007109 -16.25504351 -36.45185584 -10.19248966
   -3.29087777   5.06445608 -13.16301457]
 [ -6.08520366  -5.22034231   6.21675482  18.92039324   4.74941968
    8.41374329   8.87530983   2.58994513  -7.40842066   3.29642577
   -9.92197948  11.19733045  -6.4663556 ]] [[ -3.80656677 -22.58453881 -30.40394881 -12.46200051  -8.19087701
  -13.00174677 -24.06084045 -39.92940341 -21.32473884   0.85972351
   -8.46377962  22.16023001   4.32504908]
 [ -3.37344132 -11.97006453 -20.05661299   0.27603227  13.27859335
   -5.56558146  -3.06128333 -28.12260645 -14.96344241  -4.90323724
  -16.54681019  17.63874339   2.21177875]]
Covariance parameters for each mixture components in each state
[[ -5.84657808  36.75319374  17.23930134 -19.07894671  20.5769818
    9.17463613  18.87577431   0.29683114  36.25302621 -38.4273209
  -36.75881468  17.43818448  33.73299213]
 [ -7.39767472  30.31526511  18.83692476  -1.63277496  16.64511142
   18.15337618  13.06579831   1.59313974  21.01388514 -22.05543136
  -25.33563917   9.1156618   25.73603339]] [[-1.01189774e+01  5.25894721e+00 -9.60719764e+00 -2.15179771e+01
   3.88474222e+01 -4.20212260e+01  2.66678832e+00 -1.21968542e+01
  -2.03381964e+00 -2.06298243e+01  1.91799298e+01 -2.76142961e+00
   1.91673697e+00]
 [-1.03139574e+01  5.51711533e+00 -6.47582139e+00 -1.45266779e+01
   4.59826063e+01 -3.15510849e+01  1.36095945e+01  2.17410986e-01
   6.44291909e+00 -1.49113501e+01  1.87530076e+01 -4.21284400e+00
  -3.91311718e-02]] [[ -5.05581453 -12.71624923 -11.91390215   0.94047243   0.70391124
  -11.76727119  -7.27544042 -24.21364268 -13.67306102   5.79548988
   -1.97752377  17.40352578  -5.49716593]
 [ -5.1406453   -9.97697946 -10.59267921   2.68354246   3.13242189
   -3.78167111   8.04915055  -5.73367192   0.46982128  13.46365049
   -0.51291601  14.52281544  -9.2851993 ]] [[ -2.06518861  13.22049414   2.61484658  14.74259356  37.82953925
    5.7929127   14.22979798 -16.27685245 -12.43177209 -31.55784825
  -28.30292764  17.44675153   8.59455706]
 [ -1.79754274  18.34682493  10.75188103  20.77044239  38.18477768
    7.6861967   24.61594821  -5.60814576 -12.34123393 -33.71801265
  -32.89561887   4.96737066   3.49421784]] [[ -4.76131104  35.03715504  20.97643755  -8.58029421  41.65196813
    2.92656881  -0.65341863 -17.43286076  38.59867431 -41.02849996
  -47.11631821  22.84258999  24.8295795 ]
 [ -3.29600927  41.23611221  19.14742563 -23.03375528  40.86133856
   -8.95885757  -9.21278083 -33.62162519  40.37734782 -43.74684353
  -46.75043729  28.79897166  25.37421733]] [[ -6.96666622  24.88888443  -6.97614999 -39.39756631  36.32880361
  -19.68683776 -34.82650925 -48.41436425  35.73800037 -18.99606619
    2.04101572  17.74796785  23.84156493]
 [ -6.5473295   27.64594622  -1.50205515 -29.71226064  50.38915478
   -3.22811243 -12.41541572 -29.03515137  46.26489959 -22.031215
   -6.88093468  15.6348325   22.01986295]] [[-3.60436534e+01  0.00000000e+00 -3.20763172e-14  0.00000000e+00
   2.39267990e-13  0.00000000e+00 -2.05930167e-13  0.00000000e+00
   3.07279170e-13  0.00000000e+00 -3.27769755e-13  0.00000000e+00
   3.59484803e-13]
 [-3.29228560e+00  8.56778936e+00 -5.34279946e+00 -3.45321836e-01
  -1.54759550e+01  1.17156836e+01 -1.54620711e+01  2.04150903e+00
  -2.54521553e+00  3.99303503e-02 -1.74533806e+00  7.95710339e-01
  -4.03966909e-01]] [[ -5.40775126   8.52899111   8.71303946  10.49760636  24.10655443
    8.20479179  41.12201145   3.2512311    1.3027644   -3.48940157
  -10.86562711  -2.57965457  -0.1425261 ]
 [ -4.42269849  12.46007562   9.91144812  11.0343125   22.66312972
   14.5849844   54.46843922  16.94138463   6.42072541  -4.44423602
  -21.050199    -9.31524723  -4.35339778]] [[ -7.90107599  17.84273233  11.19863138  -4.08252728  54.68602523
  -35.33403981   5.42443396 -26.36810769 -16.34450605 -37.8191543
   12.8352381  -12.42800203   2.63879591]
 [ -9.47850782  12.58733182   2.56233498  -7.46548013  51.83608199
  -30.41898093  11.30670594  -9.35565081  -4.94584172 -27.64298295
   10.47331508 -11.95582191  -3.70250847]] [[ -9.87315619  16.65575004  11.42688175   6.85130224  16.07039741
   20.54246178   3.73864138  -1.22171729  11.15474334  -3.10253422
   -9.11912029   0.29328305  11.31123852]
 [ -9.09885217  19.12673337  14.78174635  -9.38445851  13.08541938
   -7.35139331  -7.00505809 -23.04342707  17.97156806  -6.00711786
   -0.7106625   -1.55227603  12.13514773]] [[ -4.33260196   4.49639745   6.48020392  19.18641844  12.39404996
   -0.50686081   9.26007109 -16.25504351 -36.45185584 -10.19248966
   -3.29087777   5.06445608 -13.16301457]
 [ -6.08520366  -5.22034231   6.21675482  18.92039324   4.74941968
    8.41374329   8.87530983   2.58994513  -7.40842066   3.29642577
   -9.92197948  11.19733045  -6.4663556 ]] [[ -3.80656677 -22.58453881 -30.40394881 -12.46200051  -8.19087701
  -13.00174677 -24.06084045 -39.92940341 -21.32473884   0.85972351
   -8.46377962  22.16023001   4.32504908]
 [ -3.37344132 -11.97006453 -20.05661299   0.27603227  13.27859335
   -5.56558146  -3.06128333 -28.12260645 -14.96344241  -4.90323724
  -16.54681019  17.63874339   2.21177875]]

Model_name : nguoi
Initial state occupation distribution
1.0 0.0 0.0 0.0 0.0 0.0 0.0 0.0 0.0 0.0 0.0 0.0
Matrix of transition probabilities between states
[0.80607723 0.00258828 0.01559644 0.00244462 0.0030456  0.00559179
 0.06280961 0.00602194 0.01134563 0.0421363  0.03665032 0.00569222] [0.         0.95527935 0.         0.00248126 0.         0.00487718
 0.03004998 0.00731222 0.         0.         0.         0.        ] [5.54550077e-03 0.00000000e+00 9.73831734e-01 0.00000000e+00
 0.00000000e+00 0.00000000e+00 0.00000000e+00 2.01190289e-02
 0.00000000e+00 5.03736680e-04 0.00000000e+00 0.00000000e+00] [0.00000000e+00 2.10394748e-03 0.00000000e+00 9.88782990e-01
 0.00000000e+00 5.34009115e-04 8.57905345e-03 0.00000000e+00
 0.00000000e+00 0.00000000e+00 0.00000000e+00 0.00000000e+00] [0.00000000e+00 5.35843404e-04 0.00000000e+00 0.00000000e+00
 9.85108616e-01 9.84132896e-04 1.33714080e-02 0.00000000e+00
 0.00000000e+00 0.00000000e+00 0.00000000e+00 0.00000000e+00] [0.00000000e+00 2.55956256e-03 0.00000000e+00 0.00000000e+00
 4.87977644e-03 9.68519233e-01 2.34566991e-02 0.00000000e+00
 0.00000000e+00 5.84729329e-04 0.00000000e+00 0.00000000e+00] [0.03362202 0.0198611  0.         0.00466549 0.01346137 0.00918653
 0.74410596 0.0347975  0.         0.14030002 0.         0.        ] [0.03016246 0.01017498 0.01130961 0.         0.00267124 0.
 0.05387449 0.8896125  0.00219471 0.         0.         0.        ] [0.00835766 0.         0.         0.         0.         0.
 0.         0.00690479 0.97472438 0.00171228 0.0083009  0.        ] [2.38170275e-02 1.20287552e-03 1.21252230e-02 1.48191551e-04
 4.76905923e-04 1.11639499e-03 2.53814890e-02 0.00000000e+00
 5.92794922e-03 9.02295137e-01 2.30548473e-02 4.45395900e-03] [0.06217285 0.         0.         0.         0.         0.
 0.         0.00143184 0.         0.06514942 0.87124589 0.        ] [0.01932653 0.         0.         0.         0.         0.
 0.         0.00657192 0.         0.         0.         0.97410155]
Mean parameters for each mixture component in each state
[[ 14.05327746  12.95366439  -6.47262024   0.21004738  28.38471506
  -27.18702357  39.80928039 -19.07772284   1.12156409  26.33487041
  -25.8136992   27.22751824 -18.58517024]
 [ 14.73906707  21.1466037   12.55726613  -6.16792211  21.59718217
    1.34035115  42.73635414 -15.28477179  19.8838901   22.68507095
  -14.41517632  13.75023438 -19.15984067]] [[ 12.10339518  -9.09278796   5.83280628   8.76916651  17.7695806
    4.28282992  10.03193226   0.57327989   6.87075501   2.83884143
    5.12200255   9.89593563   1.00002967]
 [ 15.80321129   2.93704117   0.46292878   5.48276738  14.95424597
    5.39957088  -6.83484712  -7.66188568  17.82797043 -11.11269239
  -15.90570083  18.38111449  -2.73981248]] [[ 14.82237198  40.89247632   4.19798793 -27.18191863  58.86615638
   10.24730993   9.79169836 -16.52959482  46.10328492 -17.68820649
   -2.22705452  -8.10965337  13.57846445]
 [ 16.39285036  48.95818223   3.81177016 -36.29236801  67.87918496
   -2.15173139   7.29379449 -20.35526141  51.03685585 -31.04870697
    3.3748511   -2.678222    11.29995345]] [[ 15.53288086  26.78637004  -3.92716431  -7.0637224   57.37887296
  -65.55777625  31.85199027  23.08026841  -6.34252622  -0.86085005
   26.39873929  -7.30197954 -19.02972589]
 [ 13.2737772   21.97133986   3.58599321   5.58602837  49.43866054
  -41.7622791   15.68006497  24.05009654   3.88185955  -4.85684289
   21.26082713  -4.13387872 -13.03959734]] [[ 17.48070739  -3.95148751   8.41642362   8.9782319  -26.53209432
   24.32082423 -12.87631182  23.92090857   1.72380446   5.46362058
    8.94021492  -2.56307482  -2.45593353]
 [ 18.80741456   9.64772475  15.16912444   2.61126976 -24.79532672
   21.89437123  -6.46511273  16.19424875  -9.81870554 -16.98290831
    8.35242581  -4.95687928  -7.4090955 ]] [[ 18.51943796  -1.58477358  -0.21053794 -11.19832496   1.91014759
  -29.50291565 -14.20148782 -28.74343977 -18.65379938  12.55353541
    3.99817911  -1.79182208  -6.06958333]
 [ 16.46065327  -1.2853476   12.95420712  -1.94393346   5.46924991
  -18.59823231 -11.94325351 -18.60749423 -22.19657677 -12.79716205
   -0.94242369   3.02000382  -6.42931135]] [[-3.60436534e+01  0.00000000e+00 -3.20763172e-14  0.00000000e+00
   2.39267990e-13  0.00000000e+00 -2.05930167e-13  0.00000000e+00
   3.07279170e-13  0.00000000e+00 -3.27769755e-13  0.00000000e+00
   3.59484803e-13]
 [ 9.02419095e+00 -1.06726738e+01 -3.12611860e+00 -1.89857110e+00
  -1.67798506e+01 -5.74572983e+00  7.48137526e+00  6.85488617e+00
   4.79835392e+00  7.57090955e+00 -1.36110322e+01  1.86108023e-01
  -1.35439843e+01]] [[ 17.80363166  35.44645558  -8.75184942 -20.63886767   4.150028
  -18.52425635   9.75562626 -19.29602476 -17.93677959  14.87482744
  -27.65947943   6.2678048   11.78313813]
 [ 13.60534468  22.71211607   2.99045017 -13.17457531  19.48032589
   -5.50098094  14.40924521 -12.94300414   0.05980306  -0.98723164
   -6.79406243  -6.37064644   2.84122673]] [[ 15.3874646   46.70281707  17.53994189 -12.28152724  21.09329349
   -6.36482906  27.13778971   0.06726926  10.73258957 -12.85515209
   23.11261151   5.21652129   9.17095158]
 [ 16.57769898  53.66134884  15.62162844 -32.21489717  15.08054273
  -12.59967064  34.91435836  -9.00241274  13.06272922 -21.10554936
   35.33995458  -0.16510936   5.19222388]] [[ 16.25436737   5.13856272   6.59562228  14.28534534 -10.34704531
   -9.89288325  23.25943894  -3.65391308  -7.12946951  30.49953576
   -6.48864328  34.13368346 -16.10630365]
 [ 16.7539492   -1.48112773   1.34352183   6.60300723   6.0137995
   -2.98075519  22.59251116  -6.65579105  -0.69938264  16.16500527
   -5.71406603  23.26822196 -17.90584731]] [[ 16.02506446  25.22013845  19.48411803  -2.72942426  24.54718991
   12.54536349  28.68471484 -46.9513896   -3.73055105  18.72980197
   -0.07058604  27.09558568 -20.08222722]
 [ 16.80865776  33.87317806  14.88621809 -29.40172469  11.55159615
   16.80431608  46.94158636 -35.98724981  12.83780673  17.56534865
    3.62576632   9.21207091 -31.27653505]] [[ 15.21538966  33.11701938  32.83043251  -8.8472107   10.94265936
  -20.8332022   31.31208449 -20.82260209  28.92755977   7.09148488
  -10.69628809   7.14422741  -4.48240959]
 [ 17.01915259  40.02574042  39.15398822 -16.48062962  -1.21093943
  -25.53417327  25.66930255 -38.53162686  18.89196316  -6.72984106
   -6.92130955  13.31469434  -2.97597592]]
Covariance parameters for each mixture components in each state
[[ 14.05327746  12.95366439  -6.47262024   0.21004738  28.38471506
  -27.18702357  39.80928039 -19.07772284   1.12156409  26.33487041
  -25.8136992   27.22751824 -18.58517024]
 [ 14.73906707  21.1466037   12.55726613  -6.16792211  21.59718217
    1.34035115  42.73635414 -15.28477179  19.8838901   22.68507095
  -14.41517632  13.75023438 -19.15984067]] [[ 12.10339518  -9.09278796   5.83280628   8.76916651  17.7695806
    4.28282992  10.03193226   0.57327989   6.87075501   2.83884143
    5.12200255   9.89593563   1.00002967]
 [ 15.80321129   2.93704117   0.46292878   5.48276738  14.95424597
    5.39957088  -6.83484712  -7.66188568  17.82797043 -11.11269239
  -15.90570083  18.38111449  -2.73981248]] [[ 14.82237198  40.89247632   4.19798793 -27.18191863  58.86615638
   10.24730993   9.79169836 -16.52959482  46.10328492 -17.68820649
   -2.22705452  -8.10965337  13.57846445]
 [ 16.39285036  48.95818223   3.81177016 -36.29236801  67.87918496
   -2.15173139   7.29379449 -20.35526141  51.03685585 -31.04870697
    3.3748511   -2.678222    11.29995345]] [[ 15.53288086  26.78637004  -3.92716431  -7.0637224   57.37887296
  -65.55777625  31.85199027  23.08026841  -6.34252622  -0.86085005
   26.39873929  -7.30197954 -19.02972589]
 [ 13.2737772   21.97133986   3.58599321   5.58602837  49.43866054
  -41.7622791   15.68006497  24.05009654   3.88185955  -4.85684289
   21.26082713  -4.13387872 -13.03959734]] [[ 17.48070739  -3.95148751   8.41642362   8.9782319  -26.53209432
   24.32082423 -12.87631182  23.92090857   1.72380446   5.46362058
    8.94021492  -2.56307482  -2.45593353]
 [ 18.80741456   9.64772475  15.16912444   2.61126976 -24.79532672
   21.89437123  -6.46511273  16.19424875  -9.81870554 -16.98290831
    8.35242581  -4.95687928  -7.4090955 ]] [[ 18.51943796  -1.58477358  -0.21053794 -11.19832496   1.91014759
  -29.50291565 -14.20148782 -28.74343977 -18.65379938  12.55353541
    3.99817911  -1.79182208  -6.06958333]
 [ 16.46065327  -1.2853476   12.95420712  -1.94393346   5.46924991
  -18.59823231 -11.94325351 -18.60749423 -22.19657677 -12.79716205
   -0.94242369   3.02000382  -6.42931135]] [[-3.60436534e+01  0.00000000e+00 -3.20763172e-14  0.00000000e+00
   2.39267990e-13  0.00000000e+00 -2.05930167e-13  0.00000000e+00
   3.07279170e-13  0.00000000e+00 -3.27769755e-13  0.00000000e+00
   3.59484803e-13]
 [ 9.02419095e+00 -1.06726738e+01 -3.12611860e+00 -1.89857110e+00
  -1.67798506e+01 -5.74572983e+00  7.48137526e+00  6.85488617e+00
   4.79835392e+00  7.57090955e+00 -1.36110322e+01  1.86108023e-01
  -1.35439843e+01]] [[ 17.80363166  35.44645558  -8.75184942 -20.63886767   4.150028
  -18.52425635   9.75562626 -19.29602476 -17.93677959  14.87482744
  -27.65947943   6.2678048   11.78313813]
 [ 13.60534468  22.71211607   2.99045017 -13.17457531  19.48032589
   -5.50098094  14.40924521 -12.94300414   0.05980306  -0.98723164
   -6.79406243  -6.37064644   2.84122673]] [[ 15.3874646   46.70281707  17.53994189 -12.28152724  21.09329349
   -6.36482906  27.13778971   0.06726926  10.73258957 -12.85515209
   23.11261151   5.21652129   9.17095158]
 [ 16.57769898  53.66134884  15.62162844 -32.21489717  15.08054273
  -12.59967064  34.91435836  -9.00241274  13.06272922 -21.10554936
   35.33995458  -0.16510936   5.19222388]] [[ 16.25436737   5.13856272   6.59562228  14.28534534 -10.34704531
   -9.89288325  23.25943894  -3.65391308  -7.12946951  30.49953576
   -6.48864328  34.13368346 -16.10630365]
 [ 16.7539492   -1.48112773   1.34352183   6.60300723   6.0137995
   -2.98075519  22.59251116  -6.65579105  -0.69938264  16.16500527
   -5.71406603  23.26822196 -17.90584731]] [[ 16.02506446  25.22013845  19.48411803  -2.72942426  24.54718991
   12.54536349  28.68471484 -46.9513896   -3.73055105  18.72980197
   -0.07058604  27.09558568 -20.08222722]
 [ 16.80865776  33.87317806  14.88621809 -29.40172469  11.55159615
   16.80431608  46.94158636 -35.98724981  12.83780673  17.56534865
    3.62576632   9.21207091 -31.27653505]] [[ 15.21538966  33.11701938  32.83043251  -8.8472107   10.94265936
  -20.8332022   31.31208449 -20.82260209  28.92755977   7.09148488
  -10.69628809   7.14422741  -4.48240959]
 [ 17.01915259  40.02574042  39.15398822 -16.48062962  -1.21093943
  -25.53417327  25.66930255 -38.53162686  18.89196316  -6.72984106
   -6.92130955  13.31469434  -2.97597592]]

